26.258867449773724
27.640164614047656
47.53334819134665
36.03250576163957
58.47456773450264
38.04022151008398
87.6693005506304
74.66272516393992
111.82411940005163
96.8650515632212
109.9271151687658
120.76433511400887
151.1333963489304
141.56486926926866
181.55325711417947
172.8318163126823
186.16414715885475
173.58456970038367
187.98174652593067
189.0349566289442
215.85108088098636
236.8707471179056
236.28620442041998
244.67058923905364
252.46467733245467
270.3335315328728
267.78808229142857
275.8736238908514
293.196091829944
307.52438986399113
313.3895600537655
328.5119792374764
336.7753582746482
327.77241830690343
355.40249237874605
364.2890045765252
393.0260926782192
382.15499323968703
397.9422996438617
404.21275573365665
405.414260009142
412.79901941939494
435.45011690075194
434.0608488310253
466.05906035808266
456.667924192684
471.0181419376986
483.4785130978826
512.7043654270037
511.2430219394191
