-3.0898543678949615
27.259461034236725
32.42513174191926
60.23426106328441
52.51886808800623
82.58341028619066
60.48499367416747
98.95335472058987
79.35815206312358
118.40097827293592
123.10314717958703
111.99068088327243
138.31883945182614
152.0322171310271
151.3335412498139
179.1062172939411
172.39742312637563
174.91654230577885
192.23499519061602
197.35364265467194
228.69442034588542
226.2763178922489
224.6987474952435
255.14980212844512
241.69781549005066
261.589824978954
283.8236277546089
286.4085765000742
285.4440364743583
314.3812432208041
310.2394835620206
312.93035756639017
335.9042289722261
341.4200332791776
379.24902383473034
378.5342306651419
374.5796078914423
391.19016867544497
368.7207518385229
392.5543733359279
413.9997304514973
433.92016230583585
445.8873305591262
456.83763320244924
473.67512857779496
462.6471069579919
498.9886010258471
501.8432024650075
501.1660710763629
497.3497075581937
