-1.4135781315988996
-3.7292294151566034
9.627875227829254
-1.251949086518069
12.915883721193577
7.369086451134043
-4.266525486578324
13.191262882515602
1.2827173954868507
0.5828509635172248
20.541264972635965
-3.4883594921681507
6.484703857229603
7.016355639762437
-1.7413190903294415
16.11190916518424
4.183998046316397
-1.134086385300872
10.607289190782335
6.697808375033219
-6.500867619269232
17.332186086500894
12.546646054579721
-1.5346815150980855
8.438331535265846
-1.8625635178155973
4.96665998219933
18.48266828293318
2.3869694538726325
12.53303747707537
5.35928582130909
-13.094256664566643
16.998663203300076
-3.538566158756038
10.085254380327397
14.019027121207497
-10.619883103475747
4.586398975032124
4.209334529646702
6.9758064801133255
10.593070197412349
-4.680282585818444
8.564194911047045
6.657029105113072
9.820717732121938
5.7774476805929265
8.99179738207074
-2.613881254869371
-4.376193049716496
14.599870244860789
0.06852738441960549
5.818098314680475
18.24288024061692
-8.409243193305322
12.21988798094143
9.356176732410407
-2.5541824832650635
19.50539266010606
1.3834569423285106
-6.789033675450845
9.180400043890526
-11.527851915466622
12.282760087103878
0.5297742958924214
0.5971669964334663
8.235976630477849
-2.3950342937733637
2.234059812678492
13.661481905377123
-3.527815233730136
-3.0510597663483847
13.345440896999529
-5.6968494670362855
0.23510501342186219
14.61578468422919
-4.546435950284651
-0.6664836308629116
11.024476594483021
-12.725501871736807
9.117923524902487
13.402048320744825
-0.3358001788807601
5.91195159784758
-4.874789290817402
-6.29386591434018
12.843524559385372
0.17370562535783085
11.581785733081835
0.5915161438025276
-2.662327747944704
9.401051073719845
13.253105282910912
8.318445353258504
7.389840743454131
3.3962258052799137
-0.5521119775279009
20.547093863842015
9.471840469439588
-0.6155399738147858
16.834084390356363
