0.2836621854632263 0.9092974268256817 1.0
-0.7915480876048305 -0.2599624222449378 1.0
0.9994966100064326 -0.5774697743963662 1.0
-0.8287108533935074 0.9970706470878612 1.0
0.3439058150448629 -0.6952357546266316 1.0
0.2712137432390541 -0.10964066259066586 1.0
-0.7835636267925902 0.8351859957579273 1.0
0.9990016426276499 -0.9564280635003433 1.0
-0.8358929349750935 0.3856415234202407 1.0
0.35604347513619977 0.4641779902369369 1.0
0.25871976780463835 -0.9781390524075467 1.0
-0.7754476159824409 0.7843624053592247 1.0
0.9983389560496687 -0.023056171796564082 1.0
-0.8429346811581345 -0.7549324773904386 1.0
0.36812136022419856 0.9866857208361053 1.0
0.24618235673365482 -0.5045172677041988 1.0
-0.7672014177455329 -0.34269733548939746 1.0
0.9975086615288262 0.9419514604895083 1.0
-0.8498349097263138 -0.859651600704533 1.0
0.3801374425912375 0.15534625702490393 1.0
0.23360361489207745 0.6613606964380465 1.0
-0.7588264165098026 -0.9995366035099807 1.0
0.9965108984606204 0.6144924895558251 1.0
-0.8565924622222749 0.21517093064117637 1.0
0.392089704895616 -0.8891462805503472 1.0
0.22098565408468165 0.9197751142271521 1.0
-0.7503240183274655 -0.28489577630252255 1.0
0.9953458343563045 -0.5561214145073485 1.0
-0.8632062041420985 0.9947540006106975 1.0
0.40397614051011427 -0.7136270434305754 1.0
0.2083305927007975 -0.08384855325136517 1.0
-0.7416956506390502 0.8206550836554802 1.0
0.9940136648147883 -0.9636722673040141 1.0
-0.8696750251257352 0.4094192609720471 1.0
0.41579475385892034 0.4410712272979521 1.0
0.19564055535817537 -0.972422285195662 1.0
-0.7329427620337239 0.8001720311696083 1.0
0.9925146134897526 -0.04895305186145499 1.0
-0.8759978391434367 -0.737686168258499 1.0
0.4275435607528412 0.9905686412567454 1.0
0.1829176725468178 -0.5267199099731517 1.0
-0.7240668220059578 -0.3182398111710941 1.0
0.9908489320521557 0.9329354258101105 1.0
-0.8821735846781812 -0.8726006554676978 1.0
0.43922058872206055 0.18089104384522142 1.0
0.17016408027082527 0.6417032438098982 1.0
-0.7150693207090895 -0.9999897393831739 1.0
0.9890169001479269 0.6347283450613382 1.0
-0.888201224903722 0.18979411628804885 1.0
0.4508238773477527 -0.8769900362277113 1.0
0.15738191969012366 0.9296351551131496 1.0
-0.705951768704792 -0.3096378174176461 1.0
0.9870188253510652 -0.5343996084916218 1.0
-0.894079747858743 0.9917693578671353 1.0
0.46235147859064885 -0.7315391180767301 1.0
0.1445733367610492 -0.05800013801082262 1.0
-0.6967156967099487 0.8055730860268127 1.0
0.9848550431119655 -0.970269346817465 1.0
-0.8998081666168528 0.4329220656886536 1.0
0.4738014571185477 0.4176682766252401 1.0
0.13174048187562135 -0.9660525178898083 1.0
-0.6873626553391463 0.8154443262138277 1.0
0.9825259167011553 -0.07481705901923716 1.0
-0.9053855194519979 -0.7199444888079911 1.0
0.4851718906311278 0.9937863759595474 1.0
0.1188855095008001 -0.5485688497859481 1.0
-0.6778942148445832 -0.2935685827555322 1.0
0.98003183714822 0.9232929072152379 1.0
-0.9108108700002522 -0.8849637422633612 1.0
0.4964608701825757 0.206314358882741 1.0
0.10601057781711869 0.6216148752258974 1.0
-0.6683119648526976 -0.9997713630916167 1.0
0.9773732231762203 0.6545379683884367 1.0
-0.9160833074168632 0.16428985156935833 1.0
0.5076665005022217 -0.8642448763847611 1.0
0.09311784835567674 0.9388709282783272 1.0
-0.6586175140967933 -0.3341719308382136 1.0
0.9745505211313757 -0.5123189429558594 1.0
-0.9212019465290385 0.9881187231016537 1.0
0.5187869003123382 -0.7489599502656359 1.0
0.08020948563569871 -0.03211277457244446 1.0
-0.648812490147198 0.7899501307207404 1.0
0.9715642049081017 -0.9762148719760875 1.0
-0.9261659279848319 0.4561341549888163 1.0
0.5298202026445712 0.3939848537461521 1.0
0.06728765680102697 -0.9590340279101168 1.0
-0.6388985391382789 0.8301690348547273 1.0
0.9684147758695557 -0.10063082509622427 1.0
-0.9309744183972304 -0.7017193529147624 1.0
0.5407645551530815 0.99633676417434 1.0
0.05435453125617342 -0.5700494151631376 1.0
-0.6288773254915621 -0.2687002174427426 1.0
0.9651027627633078 0.9130303798398814 1.0
-0.9356266104841169 -0.8967325590431419 1.0
0.5516181204252444 0.23159912989693326 1.0
0.04141228030255905 0.6011090804083643 1.0
-0.6187505316365521 -0.9988816212791484 1.0
0.9616287216326113 0.6739080569975948 1.0
-0.9401217232038788 0.13867526308474798 1.0
0.5623790762907029 -0.8509193596391764 1.0
