-15 -1 3.74305e-13
-14 -1 2.76576e-12
-13 -1 2.04364e-11
-12 -1 1.51005e-10
-11 -1 1.11579e-09
-10 -1 8.24461e-09
-9 -1 6.09199e-08
-8 -1 4.50141e-07
-7 -0.999998 3.32611e-06
-6 -0.999988 2.45765e-05
-5 -0.999909 0.000181583
-4 -0.999329 0.00134095
-3 -0.995055 0.00986604
-2 -0.964028 0.0706508
-1 -0.761594 0.419974
0 0 1
1 0.761594 0.419974
2 0.964028 0.0706508
3 0.995055 0.00986604
4 0.999329 0.00134095
5 0.999909 0.000181583
6 0.999988 2.45765e-05
7 0.999998 3.32611e-06
8 1 4.50141e-07
9 1 6.09199e-08
10 1 8.24461e-09
11 1 1.11579e-09
12 1 1.51005e-10
13 1 2.04364e-11
14 1 2.76576e-12
